1
32 8
 6.1776299325540947e+001 -3.3084719382305366e+001
 9.7552415540025024e+000 -1.1331583605456711e+001
 7.1808557390057075e+001  1.7161564989165928e+001
 7.9362895596179087e+001 -2.3249244666890469e+001
-8.1893673512985607e+000  7.8725699636829745e+001
 5.9241309854426710e+001  8.3698416089358204e+001
-2.7969481490523997e+001 -1.4251747184667501e+001
 1.0837580492568744e+001  2.6981872005371258e+001
-1.0268379772331921e+001  1.3999847407452620e+001
 5.0223761711478005e+001 -5.3450483718375189e+001
 3.3779717398602251e+001 -5.6524216437269203e+001
-5.5337321085238202e+001 -4.7982726523636586e+001
 3.7264320810571611e+001 -2.4165105136265147e+001
 4.0734977263710441e+001  6.7505691702017273e+001
 6.8051484725486006e+001  5.2551133762627032e+001
 1.8471877193517869e+001  5.4476668599505601e+001
-4.8544419690542313e+001 -2.3101626636555071e+001
-1.7925656910916469e+001  6.8402081362346266e+001
 4.6715323343607899e+001 -3.3528946806237983e+001
-6.4287362285225996e+001  5.8321146275215916e+001
 6.8608752708517713e+001 -1.4324228644672992e+001
 5.0073122348704487e+001  3.3308206427198094e+001
 2.7832544938505205e+001  7.4278389843440038e+001
 2.9619220557267983e+001  2.3987517929624318e+001
 6.1077791680654322e+001 -1.4961638233588673e+001
 1.8583391827143164e+001  6.9012756736960966e+001
-2.7591082491531111e+001 -4.6246559038056581e+001
 4.7439893795587025e+001  5.2581804864650408e+001
 3.5696554460280161e+001 -1.7772453993346966e+000
 6.2984954374828334e+001  2.1930784020508437e+001
-5.8295113986632899e+001  6.4993133335367901e+000
-2.5833918271431624e+001  4.5832239753410441e+001