30
10 22 0
0 1 1
1 2 1
2 3 1
3 4 1
4 5 1
5 6 1
6 7 1
7 8 1
8 9 1
9 0 1
8 1 1
4 6 1
6 1 1
5 7 1
1 7 1
5 8 1
7 4 1
7 0 1
5 3 1
8 0 1
0 5 1
0 4 1
11 23 7
0 1 1
1 2 1
2 3 1
3 4 1
4 5 1
5 6 1
6 7 1
7 8 1
8 9 1
9 10 1
10 0 1
2 10 1
4 10 1
5 9 1
8 1 1
5 8 1
0 5 1
9 3 1
8 3 1
9 0 1
8 10 1
6 9 1
4 0 1
15 38 1
0 1 1
1 2 1
2 3 1
3 4 1
4 5 1
5 6 1
6 7 1
7 8 1
8 9 1
9 10 1
10 11 1
11 12 1
12 13 1
13 14 1
14 0 1
5 1 1
9 12 1
6 0 1
0 2 1
9 11 1
3 11 1
3 10 1
10 2 1
11 6 1
1 12 1
8 12 1
10 12 1
0 7 1
1 11 1
7 11 1
8 13 1
12 3 1
2 12 1
1 14 1
10 1 1
12 4 1
3 13 1
2 7 1
14 29 11
0 1 1
1 2 1
2 3 1
3 4 1
4 5 1
5 6 1
6 7 1
7 8 1
8 9 1
9 10 1
10 11 1
11 12 1
12 13 1
13 0 1
9 11 1
4 6 1
10 7 1
9 2 1
12 10 1
5 12 1
3 13 1
6 13 1
1 5 1
9 4 1
11 3 1
10 1 1
13 10 1
10 5 1
12 8 1
8 17 7
0 1 1
1 2 1
2 3 1
3 4 1
4 5 1
5 6 1
6 7 1
7 0 1
6 2 1
4 0 1
0 2 1
7 5 1
2 4 1
4 1 1
2 5 1
1 6 1
3 0 1
7 14 2
0 1 1
1 2 1
2 3 1
3 4 1
4 5 1
5 6 1
6 0 1
6 2 1
6 1 1
0 5 1
3 1 1
5 2 1
1 4 1
3 5 1
9 19 4
0 1 1
1 2 1
2 3 1
3 4 1
4 5 1
5 6 1
6 7 1
7 8 1
8 0 1
1 3 1
5 8 1
2 6 1
2 4 1
5 0 1
0 7 1
3 8 1
4 6 1
0 4 1
7 1 1
11 24 8
0 1 1
1 2 1
2 3 1
3 4 1
4 5 1
5 6 1
6 7 1
7 8 1
8 9 1
9 10 1
10 0 1
0 8 1
8 4 1
9 0 1
0 5 1
7 4 1
6 1 1
8 2 1
2 9 1
9 5 1
6 2 1
9 4 1
4 2 1
10 3 1
12 24 7
0 1 1
1 2 1
2 3 1
3 4 1
4 5 1
5 6 1
6 7 1
7 8 1
8 9 1
9 10 1
10 11 1
11 0 1
4 10 1
1 3 1
2 9 1
0 3 1
6 11 1
4 2 1
7 0 1
8 0 1
8 1 1
7 5 1
2 8 1
10 0 1
13 26 5
0 1 1
1 2 1
2 3 1
3 4 1
4 5 1
5 6 1
6 7 1
7 8 1
8 9 1
9 10 1
10 11 1
11 12 1
12 0 1
5 10 1
8 5 1
10 7 1
1 4 1
1 7 1
4 6 1
2 11 1
8 6 1
9 3 1
9 2 1
5 3 1
0 11 1
2 8 1
5 10 1
0 1 1
1 2 1
2 3 1
3 4 1
4 0 1
0 3 1
1 4 1
4 2 1
2 0 1
3 1 1
5 10 1
0 1 1
1 2 1
2 3 1
3 4 1
4 0 1
0 3 1
1 3 1
1 4 1
4 2 1
0 2 1
8 17 6
0 1 1
1 2 1
2 3 1
3 4 1
4 5 1
5 6 1
6 7 1
7 0 1
4 7 1
6 1 1
6 0 1
5 3 1
1 3 1
3 6 1
1 4 1
3 7 1
4 0 1
9 21 0
0 1 1
1 2 1
2 3 1
3 4 1
4 5 1
5 6 1
6 7 1
7 8 1
8 0 1
0 5 1
8 1 1
0 3 1
4 7 1
6 2 1
2 8 1
1 7 1
3 7 1
5 1 1
0 6 1
1 4 1
8 4 1
11 22 2
0 1 1
1 2 1
2 3 1
3 4 1
4 5 1
5 6 1
6 7 1
7 8 1
8 9 1
9 10 1
10 0 1
3 6 1
2 10 1
8 10 1
4 9 1
4 1 1
5 3 1
4 7 1
10 6 1
6 2 1
2 9 1
1 10 1
12 24 9
0 1 1
1 2 1
2 3 1
3 4 1
4 5 1
5 6 1
6 7 1
7 8 1
8 9 1
9 10 1
10 11 1
11 0 1
7 10 1
4 6 1
0 3 1
6 2 1
5 7 1
4 11 1
9 5 1
8 4 1
5 3 1
7 2 1
1 3 1
2 4 1
13 26 7
0 1 1
1 2 1
2 3 1
3 4 1
4 5 1
5 6 1
6 7 1
7 8 1
8 9 1
9 10 1
10 11 1
11 12 1
12 0 1
8 12 1
9 3 1
12 9 1
4 1 1
11 8 1
9 6 1
5 10 1
7 12 1
4 12 1
8 2 1
5 9 1
4 7 1
5 8 1
14 28 8
0 1 1
1 2 1
2 3 1
3 4 1
4 5 1
5 6 1
6 7 1
7 8 1
8 9 1
9 10 1
10 11 1
11 12 1
12 13 1
13 0 1
7 4 1
13 6 1
8 6 1
10 2 1
1 7 1
2 6 1
13 1 1
4 13 1
5 0 1
1 3 1
9 12 1
3 13 1
3 5 1
7 13 1
15 30 1
0 1 1
1 2 1
2 3 1
3 4 1
4 5 1
5 6 1
6 7 1
7 8 1
8 9 1
9 10 1
10 11 1
11 12 1
12 13 1
13 14 1
14 0 1
9 6 1
13 8 1
2 13 1
13 5 1
8 6 1
0 5 1
14 5 1
13 4 1
1 3 1
9 3 1
3 0 1
14 11 1
14 7 1
5 11 1
2 0 1
16 33 4
0 1 1
1 2 1
2 3 1
3 4 1
4 5 1
5 6 1
6 7 1
7 8 1
8 9 1
9 10 1
10 11 1
11 12 1
12 13 1
13 14 1
14 15 1
15 0 1
3 14 1
4 12 1
5 12 1
4 2 1
11 2 1
7 12 1
12 1 1
5 3 1
10 6 1
14 0 1
10 12 1
7 4 1
2 7 1
14 7 1
0 7 1
12 14 1
4 15 1
17 35 10
0 1 1
1 2 1
2 3 1
3 4 1
4 5 1
5 6 1
6 7 1
7 8 1
8 9 1
9 10 1
10 11 1
11 12 1
12 13 1
13 14 1
14 15 1
15 16 1
16 0 1
8 12 1
2 7 1
0 6 1
9 7 1
13 6 1
9 4 1
0 3 1
10 2 1
16 13 1
13 5 1
11 3 1
7 15 1
0 10 1
8 14 1
4 7 1
7 5 1
11 7 1
7 13 1
18 38 5
0 1 1
1 2 1
2 3 1
3 4 1
4 5 1
5 6 1
6 7 1
7 8 1
8 9 1
9 10 1
10 11 1
11 12 1
12 13 1
13 14 1
14 15 1
15 16 1
16 17 1
17 0 1
5 12 1
13 15 1
16 11 1
7 13 1
16 5 1
9 12 1
9 5 1
8 16 1
15 12 1
0 13 1
6 13 1
10 17 1
17 7 1
7 3 1
10 6 1
16 14 1
1 4 1
16 4 1
16 2 1
16 12 1
19 41 2
0 1 1
1 2 1
2 3 1
3 4 1
4 5 1
5 6 1
6 7 1
7 8 1
8 9 1
9 10 1
10 11 1
11 12 1
12 13 1
13 14 1
14 15 1
15 16 1
16 17 1
17 18 1
18 0 1
11 17 1
13 10 1
6 16 1
13 9 1
7 3 1
16 0 1
8 0 1
9 15 1
4 9 1
16 9 1
6 17 1
18 11 1
18 14 1
11 4 1
1 7 1
13 18 1
16 2 1
16 12 1
14 7 1
7 5 1
7 2 1
11 6 1
20 44 12
0 1 1
1 2 1
2 3 1
3 4 1
4 5 1
5 6 1
6 7 1
7 8 1
8 9 1
9 10 1
10 11 1
11 12 1
12 13 1
13 14 1
14 15 1
15 16 1
16 17 1
17 18 1
18 19 1
19 0 1
10 8 1
4 13 1
14 8 1
2 0 1
10 12 1
12 8 1
16 7 1
5 7 1
16 13 1
6 14 1
19 15 1
3 19 1
5 15 1
9 14 1
16 11 1
4 16 1
12 3 1
9 16 1
17 10 1
8 4 1
11 17 1
5 16 1
7 15 1
1 17 1
21 47 3
0 1 1
1 2 1
2 3 1
3 4 1
4 5 1
5 6 1
6 7 1
7 8 1
8 9 1
9 10 1
10 11 1
11 12 1
12 13 1
13 14 1
14 15 1
15 16 1
16 17 1
17 18 1
18 19 1
19 20 1
20 0 1
14 19 1
10 14 1
9 20 1
16 8 1
11 4 1
2 16 1
15 10 1
11 2 1
14 17 1
5 8 1
11 15 1
2 9 1
4 10 1
19 3 1
16 0 1
5 2 1
16 20 1
0 2 1
6 15 1
7 18 1
17 0 1
17 4 1
16 3 1
4 16 1
7 19 1
4 19 1
22 51 1
0 1 1
1 2 1
2 3 1
3 4 1
4 5 1
5 6 1
6 7 1
7 8 1
8 9 1
9 10 1
10 11 1
11 12 1
12 13 1
13 14 1
14 15 1
15 16 1
16 17 1
17 18 1
18 19 1
19 20 1
20 21 1
21 0 1
13 21 1
21 9 1
8 21 1
5 7 1
17 6 1
20 12 1
20 10 1
14 12 1
6 2 1
12 15 1
8 19 1
1 13 1
21 3 1
16 3 1
2 21 1
4 19 1
7 4 1
17 5 1
16 21 1
7 9 1
1 3 1
3 11 1
17 11 1
14 20 1
7 21 1
13 2 1
0 11 1
4 2 1
17 19 1
23 54 6
0 1 1
1 2 1
2 3 1
3 4 1
4 5 1
5 6 1
6 7 1
7 8 1
8 9 1
9 10 1
10 11 1
11 12 1
12 13 1
13 14 1
14 15 1
15 16 1
16 17 1
17 18 1
18 19 1
19 20 1
20 21 1
21 22 1
22 0 1
6 10 1
17 12 1
3 17 1
15 4 1
12 3 1
6 1 1
4 10 1
4 18 1
17 8 1
11 3 1
7 10 1
15 11 1
5 14 1
14 19 1
20 18 1
13 9 1
20 5 1
13 17 1
2 12 1
16 11 1
6 9 1
13 2 1
16 19 1
22 10 1
22 4 1
15 21 1
3 6 1
17 22 1
18 14 1
9 11 1
1 11 1
24 58 21
0 1 1
1 2 1
2 3 1
3 4 1
4 5 1
5 6 1
6 7 1
7 8 1
8 9 1
9 10 1
10 11 1
11 12 1
12 13 1
13 14 1
14 15 1
15 16 1
16 17 1
17 18 1
18 19 1
19 20 1
20 21 1
21 22 1
22 23 1
23 0 1
17 13 1
21 13 1
19 21 1
13 15 1
21 16 1
11 14 1
5 15 1
0 2 1
2 13 1
16 13 1
3 0 1
19 1 1
8 0 1
13 22 1
0 7 1
14 19 1
7 22 1
7 17 1
8 14 1
3 1 1
10 17 1
11 6 1
4 22 1
3 8 1
21 23 1
21 8 1
1 18 1
14 21 1
9 11 1
10 16 1
0 11 1
7 16 1
3 18 1
11 16 1
25 63 24
0 1 1
1 2 1
2 3 1
3 4 1
4 5 1
5 6 1
6 7 1
7 8 1
8 9 1
9 10 1
10 11 1
11 12 1
12 13 1
13 14 1
14 15 1
15 16 1
16 17 1
17 18 1
18 19 1
19 20 1
20 21 1
21 22 1
22 23 1
23 24 1
24 0 1
13 22 1
10 23 1
16 8 1
3 24 1
0 23 1
22 9 1
4 15 1
10 17 1
21 18 1
8 21 1
15 6 1
18 14 1
5 22 1
2 20 1
12 6 1
21 11 1
0 17 1
2 5 1
23 12 1
9 6 1
10 16 1
2 23 1
12 5 1
4 20 1
0 18 1
15 2 1
7 11 1
20 9 1
7 18 1
24 9 1
17 20 1
22 11 1
5 9 1
8 4 1
6 19 1
6 24 1
6 3 1
13 17 1
26 67 17
0 1 1
1 2 1
2 3 1
3 4 1
4 5 1
5 6 1
6 7 1
7 8 1
8 9 1
9 10 1
10 11 1
11 12 1
12 13 1
13 14 1
14 15 1
15 16 1
16 17 1
17 18 1
18 19 1
19 20 1
20 21 1
21 22 1
22 23 1
23 24 1
24 25 1
25 0 1
17 6 1
9 19 1
10 1 1
23 3 1
0 2 1
22 10 1
5 2 1
2 4 1
24 22 1
16 0 1
4 7 1
4 17 1
16 6 1
5 0 1
16 11 1
25 20 1
7 5 1
0 21 1
2 14 1
1 7 1
14 23 1
25 8 1
6 21 1
24 18 1
6 10 1
9 13 1
8 10 1
9 6 1
15 22 1
5 23 1
21 25 1
5 24 1
8 16 1
15 13 1
23 10 1
19 13 1
2 25 1
8 19 1
9 16 1
1 25 1
1 15 1